#     BLOCK:   ACTUAL_T:     T_AVE:       ERROR:
           1     2.20337     2.20337           0
           2     2.16891     2.18614   0.0121833
           3     2.20993     2.19407   0.0103866
           4     2.22316     2.20134   0.0100166
           5     2.21024     2.20312  0.00816987
           6     2.19988     2.20258  0.00682607
           7     2.18259     2.19973  0.00642059
           8     2.18712     2.19815  0.00580817
           9     2.19581     2.19789  0.00516867
          10     2.19243     2.19735  0.00468053
          11     2.17761     2.19555  0.00458616
          12     2.18138     2.19437   0.0043533
          13     2.16047     2.19176  0.00473534
          14     2.16461     2.18982  0.00477771
          15     2.19059     2.18987  0.00445947
          16     2.18765     2.18974  0.00418291
          17     2.19913     2.19029  0.00397322
          18     2.19351     2.19047  0.00375653
          19     2.17316     2.18956  0.00366763
          20     2.17923     2.18904  0.00352037
          21     2.18809     2.18899  0.00335303
          22     2.17305     2.18827  0.00327799
          23     2.20642     2.18906  0.00322908
          24      2.2057     2.18975  0.00316811
          25     2.19874     2.19011  0.00306169
          26     2.19644     2.19036   0.0029536
          27     2.19816     2.19064  0.00285831
          28     2.17635     2.19013  0.00280143
          29     2.16792     2.18937   0.0028076
          30     2.16831     2.18867   0.0028004
          31      2.1684     2.18801  0.00278532
          32     2.21228     2.18877  0.00279958
          33     2.19322     2.18891  0.00271799
          34     2.18786     2.18887  0.00263822
          35     2.19412     2.18902  0.00256711
          36     2.18295     2.18886  0.00250134
          37      2.1889     2.18886  0.00243374
          38     2.16627     2.18826   0.0024412
          39     2.18149     2.18809  0.00238478
          40     2.22867      2.1891  0.00253174
          41     2.22855     2.19007  0.00264652
          42     2.19262     2.19013   0.0025842
          43     2.16093     2.18945  0.00261178
          44     2.15618     2.18869  0.00265961
          45     2.16228      2.1881   0.0026645
          46     2.14839     2.18724  0.00274288
          47     2.17286     2.18694  0.00270153
          48     2.19901     2.18719  0.00265694
          49     2.15778     2.18659  0.00266965
          50     2.17298     2.18631   0.0026301
          51     2.18402     2.18627  0.00257891
          52     2.19905     2.18652    0.002541
          53      2.2166     2.18708  0.00255569
          54     2.17723      2.1869  0.00251487
          55     2.17724     2.18672  0.00247527
          56     2.17974      2.1866  0.00243421
          57      2.2327     2.18741  0.00252231
          58     2.20543     2.18772  0.00249788
          59     2.21787     2.18823  0.00250728
          60     2.21009     2.18859  0.00249182
          61     2.20303     2.18883  0.00246218
          62     2.19706     2.18896  0.00242604
          63      2.1771     2.18878  0.00239483
          64     2.17177     2.18851  0.00237212
          65     2.18201     2.18841  0.00233773
          66       2.189     2.18842  0.00230233
          67     2.19047     2.18845  0.00226817
          68     2.16682     2.18813    0.002257
          69     2.17522     2.18794  0.00223203
          70     2.18971     2.18797  0.00220029
          71     2.22625     2.18851   0.0022344
          72     2.23186     2.18911  0.00228306
          73     2.18639     2.18907  0.00225209
          74     2.19253     2.18912  0.00222214
          75     2.21016      2.1894  0.00221015
          76     2.21227      2.1897  0.00220146
          77     2.21695     2.19006  0.00220112
          78     2.25561      2.1909  0.00232784
          79     2.24761     2.19161  0.00240651
          80     2.23098     2.19211  0.00242621
          81     2.23837     2.19268  0.00246258
          82     2.23749     2.19322  0.00249246
          83     2.22287     2.19358   0.0024879
          84     2.21559     2.19384  0.00247204
          85     2.23096     2.19428  0.00248123
          86     2.19596      2.1943  0.00245245
          87     2.19551     2.19431   0.0024243
          88     2.21507     2.19455   0.0024082
          89      2.2252     2.19489  0.00240564
          90     2.21624     2.19513  0.00239057
          91     2.20219     2.19521  0.00236556
          92     2.21743     2.19545  0.00235215
          93     2.20404     2.19554  0.00232867
          94      2.2117     2.19571  0.00231023
          95     2.21113     2.19588   0.0022916
          96     2.20742       2.196  0.00227089
          97     2.23765     2.19643  0.00228771
          98      2.2069     2.19653  0.00226686
          99     2.18991     2.19647  0.00224495
         100     2.17084     2.19621  0.00223708
         101     2.18833     2.19613  0.00221629
         102     2.19455     2.19612  0.00219461
         103     2.18789     2.19604  0.00217476
         104     2.23136     2.19638   0.0021802
         105     2.25222     2.19691  0.00222335
         106     2.22369     2.19716  0.00221669
         107     2.21971     2.19737  0.00220597
         108     2.21283     2.19751  0.00219018
         109     2.19873     2.19753  0.00217011
         110     2.18743     2.19743  0.00215233
         111      2.1628     2.19712  0.00215543
         112     2.16098      2.1968  0.00216021
         113     2.17884     2.19664  0.00214693
         114     2.19012     2.19658  0.00212886
         115     2.15739     2.19624  0.00213745
         116     2.17833     2.19609   0.0021246
         117     2.14944     2.19569  0.00214353
         118     2.15407     2.19534  0.00215419
         119     2.18817     2.19528  0.00213693
         120     2.18296     2.19517  0.00212159
         121     2.15424     2.19483  0.00213086
         122     2.18688     2.19477  0.00211439
         123     2.18149     2.19466  0.00209995
         124     2.17846     2.19453  0.00208708
         125     2.19363     2.19452  0.00207039
         126     2.18443     2.19444  0.00205551
         127     2.19493     2.19445  0.00203933
         128      2.1852     2.19438  0.00202468
         129     2.16569     2.19415  0.00202115
         130     2.19278     2.19414  0.00200563
         131     2.17761     2.19402  0.00199429
         132     2.21864      2.1942  0.00198789
         133     2.20142     2.19426  0.00197368
         134     2.20097     2.19431  0.00195959
         135     2.20394     2.19438  0.00194637
         136     2.20581     2.19446  0.00193388
         137     2.20707     2.19455  0.00192195
         138     2.16979     2.19438  0.00191638
         139     2.14553     2.19402  0.00193454
         140     2.17517     2.19389   0.0019254
         141     2.20764     2.19399  0.00191422
         142     2.17834     2.19388   0.0019039
         143     2.16507     2.19368  0.00190122
         144     2.16332     2.19346  0.00189967
         145     2.15919     2.19323  0.00190121
         146       2.183     2.19316  0.00188948
         147     2.17071     2.19301  0.00188279
         148     2.17753      2.1929  0.00187297
         149     2.19949     2.19294  0.00186092
         150     2.19031     2.19293  0.00184859
         151      2.1528     2.19266  0.00185535
         152     2.16898     2.19251  0.00184968
         153     2.18913     2.19248  0.00183772
         154     2.20985      2.1926  0.00182924
         155       2.195     2.19261   0.0018175
         156     2.20105     2.19267  0.00180666
         157     2.22633     2.19288  0.00180783
         158     2.24944     2.19324  0.00183149
         159     2.20663     2.19332   0.0018219
         160     2.20568      2.1934  0.00181215
         161     2.17152     2.19326  0.00180599
         162     2.16781     2.19311  0.00180166
         163     2.17009     2.19297  0.00179613
         164     2.15711     2.19275  0.00179844
         165     2.19781     2.19278   0.0017878
         166     2.20178     2.19283  0.00177786
         167     2.20807     2.19292  0.00176955
         168     2.19094     2.19291  0.00175906
         169     2.20292     2.19297  0.00174964
         170     2.18385     2.19292  0.00174017
         171     2.17057     2.19279   0.0017349
         172      2.1622     2.19261  0.00173391
         173     2.17969     2.19253  0.00172549
         174     2.22529     2.19272  0.00172581
         175     2.19067     2.19271  0.00171599
         176     2.18174     2.19265  0.00170737
         177     2.18405      2.1926  0.00169842
         178     2.19626     2.19262    0.001689
         179     2.19609     2.19264  0.00167968
         180     2.17822     2.19256  0.00167225
         181      2.1755     2.19246  0.00166567
         182     2.17348     2.19236  0.00165978
         183     2.19004     2.19235  0.00165076
         184     2.17121     2.19223  0.00164578
         185     2.15827     2.19205  0.00164709
         186     2.15221     2.19184   0.0016521
         187     2.14632     2.19159   0.0016611
         188     2.13778     2.19131  0.00167674
         189     2.18805     2.19129  0.00166796
         190     2.22889     2.19149  0.00167088
         191     2.22738     2.19167  0.00167267
         192     2.21631      2.1918  0.00166887
         193     2.19654     2.19183   0.0016604
         194     2.19756     2.19186  0.00165211
         195     2.20706     2.19193  0.00164547
         196     2.18355     2.19189  0.00163763
         197     2.18562     2.19186  0.00162963
         198     2.20258     2.19191   0.0016223
         199     2.23655     2.19214  0.00162958
         200     2.20912     2.19222  0.00162364
