543.449
200.393
160.111
145.66
133.244
120.871
108.95
104.446
95.2344
94.0239
90.882
90.2727
87.8959
86.9634
83.7897
80.9337
78.5964
78.4669
76.6069
76.0336
75.9406
75.7251
75.7251
75.4692
75.2608
75.2929
75.2266
73.7884
73.6966
72.1484
71.4594
70.7632
70.707
69.6415
69.631
69.631
69.5736
69.1534
69.1534
69.0982
69.0982
69.1163
68.8957
68.8957
68.2455
68.2455
68.2455
68.2455
68.2455
68.1207
68.1026
68.1026
68.1026
68.1026
68.1026
68.1026
67.6615
67.6814
67.6814
67.6814
67.6814
67.6814
67.6814
67.6814
67.7388
67.7388
67.6814
67.7805
67.7805
67.6996
67.4875
67.4162
67.4162
67.4162
67.4162
67.4162
67.4162
67.4162
67.4694
67.4875
67.5056
67.4875
67.4875
67.4875
67.4436
67.0507
67.0507
67.0507
67.0507
67.0507
67.0507
66.9976
66.9976
67.0157
67.0052
66.1508
66.1327
66.1327
66.1327
66.1327
66.1327
66.1327
66.1327
66.1327
66.0438
66.0438
66.0438
66.0438
66.0438
66.0438
66.0438
66.0438
66.0438
66.0619
66.0619
66.0619
66.0438
66.0438
66.0438
66.0438
66.0438
66.0619
66.0619
66.0619
66.0438
66.0619
66.0438
66.0438
66.0438
66.0619
66.0619
66.0438
66.0438
66.0702
66.0883
66.0883
66.0883
66.1457
66.0883
66.0419
66.0419
66.0419
66.0419
66.0419
66.0419
66.0419
66.0419
66.0419
66.0419
66.0419
66.0406
66.1054
66.0225
66.1009
66.1009
66.1448
66.1448
66.1448
66.1448
66.1009
66.1009
66.1009
66.1009
66.1009
66.1009
66.1009
65.8912
65.8912
65.8912
65.8912
65.8912
65.8912
65.8912
65.8473
65.8473
65.8473
65.8473
65.8473
65.8473
65.8473
65.8473
65.8473
65.8654
65.9093
65.9093
65.8654
65.8654
65.8654
65.8473
65.8473
65.3511
65.3511
65.3511
65.4085
65.3511
65.3511
65.3511
65.3511
65.3511
65.3511
65.3511
65.3511
65.3511
65.3511
65.3511
65.3511
65.395
65.395
65.395
65.395
65.3511
65.3511
65.3511
65.3511
65.3511
65.3511
65.3511
65.3511
65.3511
65.3511
65.458
65.458
65.458
65.458
65.458
65.3511
65.3511
65.3511
65.3511
65.3511
65.3511
65.3511
65.5589
65.5589
65.5589
65.5408
65.4969
65.4969
65.5408
65.4969
65.4969
65.4969
65.5074
65.5255
65.5255
65.5255
65.5255
65.5255
65.5074
65.5074
65.5074
65.5074
65.5255
65.5074
65.5074
65.5074
65.5074
65.5074
65.5874
65.5874
65.5874
65.5874
65.6055
65.6055
65.6055
65.5874
65.6055
65.6055
65.6055
65.6055
65.6055
65.5874
65.6055
65.5874
65.5874
65.5074
65.5074
65.5074
65.5074
65.5255
65.5255
65.5255
65.5074
65.5074
65.5074
65.5074
65.5074
65.5074
65.5074
65.5074
65.5074
65.5074
65.5074
65.5074
65.5074
65.5513
65.5513
65.5513
65.5513
65.5513
65.5513
65.5513
65.5513
65.5074
65.5074
65.5074
65.5074
65.5074
65.5074
65.5074
65.5074
65.5074
65.5074
65.5074
65.5074
65.5074
65.5074
65.5074
65.5074
65.5074
65.5074
65.5074
65.5074
65.5074
65.5074
65.5605
65.5605
65.5605
65.4969
65.5408
65.5513
65.5694
65.5694
65.5694
65.5694
65.6192
65.6192
65.658
65.6011
65.5572
65.5572
65.5753
65.5753
65.5753
65.5753
65.5753
65.5753
65.5753
65.5572
65.5677
65.5858
65.5677
65.5677
65.5677
65.5677
65.5971
65.5971
65.579
65.579
65.5685
65.5866
65.5866
65.5866
65.5866
65.5866
65.5866
65.5866
65.5866
65.5263
65.5893
65.5893
65.5893
65.5263
65.5263
65.515
65.515
65.4969
65.4969
65.4969
65.4969
65.4969
65.4969
65.4969
65.4969
65.4969
65.4969
65.4969
65.4969
65.515
65.515
65.4969
65.515
65.4969
65.515
65.515
65.4969
65.4969
65.515
65.515
65.4969
65.4969
65.4969
65.4969
65.578
65.578
65.5599
65.5599
65.5599
65.5599
65.5599
65.5599
65.578
65.5599
65.5599
65.5599
65.5599
65.5599
65.5599
65.5599
65.5599
65.5599
65.5599
65.5599
65.5599
65.5599
65.6277
65.6277
65.6793
65.6793
65.6219
65.6219
65.6219
65.6219
65.6219
65.6219
65.6219
65.6219
65.6038
65.6219
65.6324
65.6143
65.5513
65.5513
65.5513
65.6611
65.6724
65.6724
65.6724
65.6724
65.6724
65.6724
65.6905
65.6724
65.7188
65.7188
65.6724
65.6905
65.6466
65.6285
65.6285
65.6285
65.6466
65.5817
65.5817
65.5817
65.5817
65.5368
65.5368
65.5368
65.5255
65.5255
65.5255
65.5255
65.5255
65.6838
65.6838
65.6399
65.6399
65.6294
65.4969
65.4969
65.4969
65.4969
65.4969
65.4969
65.4969
65.5589
65.5589
65.5589
65.5589
65.5589
65.5589
65.515
65.515
65.515
65.5544
65.5544
65.5544
65.5544
65.5544
65.5544
65.5544
65.5544
65.5544
65.5363
65.5363
65.5363
65.5363
65.5544
65.5544
65.5544
65.5544
65.5544
65.5544
65.5544
65.5544
65.5544
65.5983
65.5983
65.5544
65.5544
65.5544
65.5544
65.4723
65.4723
65.4542
65.401
65.401
65.401
65.401
65.401
65.401
65.401
65.401
65.4584
65.4584
65.4584
65.4449
65.401
65.401
65.3906
65.3906
65.4087
65.3906
65.3906
65.4509
65.4509
65.4509
65.4509
65.4509
65.4509
65.4509
65.4509
65.4509
65.4509
65.4509
65.469
65.469
65.469
65.469
65.469
65.469
65.469
65.469
65.469
65.469
65.469
65.469
65.469
65.469
65.469
65.469
65.469
65.4509
65.4509
65.4509
65.4509
65.4509
65.4509
65.4509
65.4509
65.4509
65.5377
65.5377
65.5377
65.5377
65.5377
65.5377
65.5377
65.5377
65.5377
65.5377
65.5377
65.5377
65.5377
65.5836
65.5836
65.5836
65.6017
65.6017
65.5836
65.5836
65.5836
65.5836
65.5836
65.5836
65.5836
65.5836
65.5377
65.1258
65.1258
64.9544
64.9544
64.9544
64.9544
64.9544
64.9725
64.9725
64.9725
64.9725
64.9725
64.9544
64.9544
64.9544
64.9983
64.9983
65.0556
65.0556
65.0556
65.0556
65.0738
65.0556
65.0556
65.0556
65.0556
65.0556
65.0556
65.0556
65.0556
65.0556
65.0669
65.0669
65.023
65.023
65.023
65.023
65.023
65.023
65.023
65.0411
64.9838
64.9838
64.9838
64.9657
64.9657
64.9657
64.9657
64.9657
64.9657
64.9657
64.9838
64.9838
64.9657
64.9838
64.9838
64.9657
64.9657
64.9657
64.9838
64.9838
64.9838
64.9838
64.9838
64.9838
64.9838
64.9838
65.023
64.9657
64.9657
64.9657
64.9657
65.0096
65.0669
65.1865
65.1865
65.1291
64.9951
64.9951
65.0409
65.0409
65.0409
65.0409
64.9792
64.9792
64.9792
64.9973
64.9973
64.9515
64.9515
64.9515
64.9515
64.9515
64.9515
64.9515
64.9515
64.9515
64.9515
64.9334
64.9334
64.9334
64.9334
64.9334
64.9334
64.9334
64.9334
64.9334
64.9334
64.9334
64.9334
64.9334
64.9334
64.9334
64.9334
64.9334
64.9334
64.9334
64.9334
64.9334
64.9334
64.9334
64.9334
64.9334
64.9334
64.9907
64.9334
64.9334
64.9334
64.9334
64.9334
64.9334
65.186
65.1747
65.1123
65.1178
65.1178
65.1123
65.1123
65.1178
65.1123
65.1178
65.1123
65.1178
65.1123
65.1178
65.1178
65.1178
65.1123
65.1359
65.1933
65.1305
65.1305
65.1305
65.1305
65.1305
65.1305
65.1359
65.1744
65.1305
65.1305
65.1305
65.1305
65.1305
65.1305
65.1359
65.1359
65.1305
65.1359
65.1798
65.1359
65.1359
65.1305
65.1305
65.1977
65.1977
65.1977
65.1922
65.1922
65.1922
65.1977
65.1977
65.1977
65.1922
65.1741
65.1796
65.1123
65.1123
65.1123
65.1178
65.1178
65.1178
65.1123
65.1123
65.1123
65.1123
65.1123
65.1178
65.1178
65.1123
65.1123
65.1178
65.1123
65.1123
65.1123
65.1123
65.1178
65.1123
65.1123
65.1123
65.1123
65.1123
65.1123
65.1697
65.1123
65.1562
65.1562
65.1562
65.1562
65.1617
65.1617
65.1617
65.1123
65.1123
65.1123
65.1123
65.1123
65.2314
65.1741
65.1796
65.1741
65.1741
65.1741
65.1741
65.1741
65.1123
65.1123
65.1123
65.1305
65.1305
65.1305
65.1744
65.1562
65.1562
65.1562
65.1562
65.1562
65.2021
65.2021
65.1582
65.1582
65.1582
65.1582
65.1582
65.1582
65.1582
65.1582
65.1582
65.1178
65.1178
65.1178
65.1178
65.1123
65.1305
65.1305
65.1123
65.1123
65.1123
65.1123
65.1123
65.1123
65.1123
65.1123
65.1305
65.1305
65.1123
65.1305
65.1305
65.1305
65.1305
65.1878
65.1697
65.1878
65.1878
65.1697
65.1123
65.1359
65.1178
65.1178
65.1178
65.1178
65.1178
65.1617
65.1178
65.1178
65.1178
65.1123
65.1305
65.1178
65.1178
65.1178
65.1305
65.1305
65.1123
65.1763
65.1305
65.1818
65.1818
65.1637
65.1582
65.1582
65.1178
65.1123
65.1178
65.1752
65.2333
65.23
65.23
65.23
65.1861
65.1861
65.1861
65.1289
65.1289
64.9773
64.9773
64.9773
64.9773
64.9773
64.9773
64.9773
64.9201
64.9201
64.9201
64.9382
64.9201
64.9201
64.9201
64.9201
64.9382
64.9201
64.9201
64.9201
64.9201
64.9201
64.9201
64.9201
64.9201
64.9201
64.9201
64.9201
64.9201
64.9201
64.9201
64.9201
64.9201
64.9201
64.9201
64.9201
64.9201
64.9201
64.9201
64.9201
64.9201
65.0837
65.0837
65.0837
65.0837
65.0837
65.0837
65.2062
65.188
65.1257
64.9201
64.9382
64.9382
64.9201
64.9201
64.9382
64.9201
64.9201
64.9201
64.9201
64.9201
64.9382
64.9201
64.9201
64.9201
64.9201
64.9773
65.0396
64.9382
