0 31.3054
1 29.2812
2 25.8024
3 25.5478
4 25.5074
5 25.5074
6 24.784
7 24.784
8 23.7198
9 22.4455
10 22.2926
11 20.4618
12 18.7686
13 17.9829
14 17.9514
15 17.8914
16 17.3595
17 16.9309
18 16.5957
19 15.6351
20 15.6351
21 14.6071
22 14.6071
23 14.2868
24 14.0623
25 13.728
26 13.728
27 13.5089
28 12.0464
29 12.0464
30 11.8113
31 11.8113
32 11.8001
33 11.7505
34 11.4204
35 11.3185
36 11.3185
37 11.3185
38 11.2115
39 11.2115
40 11.1578
41 11.1578
42 11.159
43 11.1578
44 11.1578
45 11.1522
46 11.1522
47 11.1522
48 11.1467
49 10.925
50 10.925
51 10.9194
52 10.9194
53 10.919
54 10.9194
55 10.9194
56 10.9194
57 10.9194
58 10.9183
59 10.9159
60 10.9159
61 10.9159
62 10.9159
63 10.9159
64 10.9159
65 10.9159
66 10.9159
67 10.9107
68 10.8709
69 10.8709
70 10.8709
71 10.8709
72 10.8709
73 10.8709
74 10.8709
75 10.807
76 10.8004
77 10.7234
78 10.7234
79 10.6528
80 10.6528
81 10.6171
82 10.4812
83 10.4454
84 10.1078
85 10.4454
86 9.65466
87 9.65466
88 9.65466
89 9.65466
90 9.65466
91 9.65466
92 9.65466
93 9.65466
94 9.65466
95 9.65466
96 9.65466
97 9.65466
98 9.65466
99 9.65466
100 9.65466
101 9.65466
102 9.65466
103 9.65466
104 6.39112
105 6.39112
106 6.39112
107 6.39112
108 6.39112
109 6.39112
110 6.39112
111 6.23602
112 6.23602
113 6.23602
114 6.23602
115 6.23602
116 6.23602
117 6.23602
118 6.23602
119 6.23602
120 6.23602
121 6.23602
122 6.23602
123 6.23602
124 6.23602
125 6.23602
126 6.23602
127 6.23602
128 6.23602
129 6.23602
130 6.23602
131 6.23602
132 6.23602
133 6.23602
134 6.23602
135 6.23602
136 6.23602
137 6.23602
138 6.23602
139 6.23602
140 6.23602
141 6.23602
142 6.23602
143 6.23602
144 6.23602
145 6.23602
146 6.23602
147 6.23602
148 6.23602
149 6.23602
150 6.23602
151 6.23602
152 6.23602
153 6.23602
154 6.23602
155 6.23602
156 6.23602
157 6.23602
158 6.23602
159 6.23602
160 6.23602
161 6.23602
162 6.23602
163 6.23602
164 6.23602
165 6.23602
166 6.23602
167 6.23602
168 6.23602
169 6.23602
170 6.23602
171 6.23602
172 6.23602
173 6.23602
174 6.23602
175 6.23602
176 6.23602
177 6.23602
178 6.23602
179 6.23602
180 6.23602
181 6.23602
182 6.23602
183 6.23602
184 6.23602
185 6.23602
186 6.23602
187 6.23602
188 6.23602
189 6.23602
190 6.23602
191 6.23602
192 6.23602
193 6.23602
194 6.23602
195 6.23602
196 6.23602
197 6.23602
198 6.23602
199 6.23602
200 6.23602
201 6.23602
202 6.23602
203 6.23602
204 6.23602
205 6.23602
206 6.23602
207 6.23602
208 6.23602
209 6.23602
210 6.23602
211 6.23602
212 6.23602
213 6.23602
214 6.23602
215 6.23602
216 6.23602
217 6.23602
218 6.23602
219 6.23602
220 6.23602
221 6.23602
222 6.23602
223 6.23602
224 6.23602
225 6.23602
226 6.23602
227 6.23602
228 6.23602
229 6.23602
230 6.23602
231 6.23602
232 6.23602
233 6.23602
234 6.23602
235 6.23602
236 6.23602
237 6.23602
238 6.23602
239 6.23602
240 6.23602
241 6.23602
242 6.23602
243 6.23602
244 6.23602
245 6.23602
246 6.23602
247 6.23602
248 6.23602
249 6.23602
250 6.23602
251 6.23602
252 6.23602
253 6.23602
254 6.23602
255 6.23602
256 6.23602
257 6.23602
258 6.23602
259 6.23602
260 6.23602
261 6.23602
262 6.23602
263 6.23602
264 6.23602
265 6.23602
266 6.23602
267 6.23602
268 6.23602
269 6.23602
270 6.23602
271 6.23602
272 6.23602
273 6.23602
274 6.23602
275 6.23602
276 6.23602
277 6.23602
278 6.23602
279 6.23602
280 6.23602
281 6.23602
282 6.23602
283 6.23602
284 6.23602
285 6.23602
286 6.23602
287 6.23602
288 6.23602
289 6.23602
290 6.23602
291 6.23602
292 6.23602
293 6.23602
294 6.23602
295 6.23602
296 6.23602
297 6.23602
298 6.23602
299 6.23602
300 6.23602
301 6.23602
302 6.23602
303 6.23602
304 6.23602
305 6.23602
306 6.23602
307 6.23602
308 6.23602
309 6.23602
310 6.23602
311 6.23602
312 6.23602
313 6.23602
314 6.23602
315 6.23602
316 6.23602
317 6.23602
318 6.23602
319 6.23602
320 6.23602
321 6.23602
322 6.23602
323 6.23602
324 6.23602
325 6.23602
326 6.23602
327 6.23602
328 6.23602
329 6.23602
330 6.23602
331 6.23602
332 6.23602
333 6.23602
334 6.23602
335 6.23602
336 6.23602
337 6.23602
338 6.23602
339 6.23602
340 6.23602
341 6.23602
342 6.23602
343 6.23602
344 6.23602
345 6.23602
346 6.23602
347 6.23602
348 6.23602
349 6.23602
350 6.23602
351 6.23602
352 6.23602
353 6.23602
354 6.23602
355 6.23602
356 6.23602
357 6.23602
358 6.23602
359 6.23602
360 6.23602
361 6.23602
362 6.23602
363 6.23602
364 6.23602
365 6.23602
366 6.23602
367 6.23602
368 6.23602
369 6.23602
370 6.23602
371 6.23602
372 6.23602
373 6.23602
374 6.23602
375 6.23602
376 6.23602
377 6.23602
378 6.23602
379 6.23602
380 6.23602
381 6.23602
382 6.23602
383 6.23602
384 6.23602
385 6.23602
386 6.23602
387 6.23602
388 6.23602
389 6.23602
390 6.23602
391 6.23602
392 6.23602
393 6.23602
394 6.23602
395 6.23602
396 6.23602
397 6.23602
398 6.23602
399 6.23602
400 6.23602
401 6.23602
402 6.23602
403 6.23602
404 6.23602
405 6.23602
406 6.23602
407 6.23602
408 6.23602
409 6.23602
410 6.23602
411 6.23602
412 6.23602
413 6.23602
414 6.23602
415 6.23602
416 6.23602
417 6.23602
418 6.23602
419 6.23602
420 6.23602
421 6.23602
422 6.23602
423 6.23602
424 6.23602
425 6.23602
426 6.23602
427 6.23602
428 6.23602
429 6.23602
430 6.23602
431 6.23602
432 6.23602
433 6.23602
434 6.23602
435 6.23602
436 6.23602
437 6.23602
438 6.23602
439 6.23602
440 6.23602
441 6.23602
442 6.23602
443 6.23602
444 6.23602
445 6.23602
446 6.23602
447 6.23602
448 6.23602
449 6.23602
450 6.23602
451 6.23602
452 6.23602
453 6.23602
454 6.23602
455 6.23602
456 6.23602
457 6.23602
458 6.23602
459 6.23602
460 6.23602
461 6.23602
462 6.23602
463 6.23602
464 6.23602
465 6.23602
466 6.23602
467 6.23602
468 6.23602
469 6.23602
470 6.23602
471 6.23602
472 6.23602
473 6.23602
474 6.23602
475 6.23602
476 6.23602
477 6.23602
478 6.23602
479 6.23602
480 6.23602
481 6.23602
482 6.23602
483 6.23602
484 6.23602
485 6.23602
486 6.23602
487 6.23602
488 6.23602
489 6.23602
490 6.23602
491 6.23602
492 6.23602
493 6.23602
494 6.23602
495 6.23602
496 6.23602
497 6.23602
498 6.23602
499 6.23602
